   1/174       14/14     0.124     0.408     0.424     0.412      1.37         4      3.81    0.00658     0.0132    0.00658
   2/174       14/14     0.123     0.251      0.29    0.0172     0.681         4     0.267     0.0197     0.0285      0.023
    3/46       14/14     0.102     0.246     0.225   0.00357     0.576         4      3.75     0.0247     0.0395     0.0263
    4/46       14/14    0.0981     0.141     0.229   0.00742     0.475         4      0.27     0.0406     0.0746     0.0428
    5/46       14/14     0.103    0.0831     0.208   0.00853     0.403         6     0.262     0.0351     0.0614     0.0362
    6/46       14/14     0.107    0.0742     0.192   0.00479     0.378      6.67     0.244     0.0718       0.12     0.0729
    7/46       14/14    0.0902    0.0517     0.172   0.00351     0.317         8     0.248     0.0889      0.122     0.0967
    8/46       14/14    0.0914    0.0546     0.167   0.00879     0.321         4     0.268      0.116       0.14      0.123
    9/46       14/14    0.0894    0.0497     0.155   0.00155     0.296         4     0.265      0.116      0.136      0.123
   10/46       14/14     0.071    0.0578     0.152   0.00264     0.284      4.67     0.264      0.179      0.193      0.197
   11/46       14/14    0.0699    0.0434      0.15   0.00242     0.266         6     0.275      0.203      0.216       0.22
   12/46       14/14    0.0752    0.0413     0.147   0.00619      0.27         6     0.271       0.22       0.22       0.24
   13/46       14/14    0.0784    0.0418     0.148  0.000977     0.269         4     0.275      0.197      0.213      0.213
   14/46       14/14    0.0678    0.0444     0.135    0.0021      0.25      4.67     0.258      0.218      0.236      0.233
   15/46       14/14    0.0722    0.0416     0.128  0.000866     0.242      3.33     0.288      0.227      0.222       0.24
   16/46       14/14    0.0605    0.0456     0.124   0.00135     0.231         6     0.258      0.248      0.241      0.257
   17/46       14/14    0.0644    0.0458     0.128   0.00399     0.242      5.33     0.265      0.231      0.228       0.25
   18/46       14/14    0.0641    0.0489      0.12   0.00117     0.235         6     0.273      0.267      0.296      0.277
   19/46       14/14    0.0689    0.0389      0.12  0.000681     0.229         6     0.274      0.283      0.311       0.29
   20/46       14/14    0.0651    0.0359     0.117  0.000448     0.218         4      0.28      0.288      0.302      0.297
   21/46       14/14    0.0598    0.0345     0.116   0.00044      0.21      6.67     0.282      0.321      0.327      0.327
   22/46       14/14    0.0561    0.0362     0.116  0.000492     0.209         4     0.266       0.31      0.333      0.317
    23/2       14/14    0.0503    0.0391     0.103  0.000349     0.193         4      3.61      0.327      0.353       0.33
    24/2       14/14    0.0494    0.0375     0.114  0.000693     0.202         4     0.271      0.359      0.378      0.363
    25/2       14/14    0.0527    0.0271     0.112  0.000646     0.192         6     0.274      0.371      0.396      0.373
  26/224       14/14     0.045    0.0293    0.0973  0.000305     0.172         4      3.87      0.375      0.404      0.377
  27/224       14/14    0.0445    0.0399     0.107  0.000545     0.192         4     0.266      0.368       0.37      0.377
  28/224       14/14    0.0478    0.0457     0.106  0.000607       0.2         6      0.27      0.384      0.422      0.387
  29/224       14/14    0.0518    0.0291     0.105   0.00124     0.188      6.67     0.261      0.384      0.424      0.387
  30/224       14/14    0.0444    0.0318    0.0988  0.000721     0.176         8     0.254      0.382      0.416      0.383
  31/224       14/14    0.0506    0.0325    0.0986  0.000764     0.182         4     0.255      0.382      0.413      0.383
  32/224       14/14    0.0472    0.0301    0.0946   0.00026     0.172         4     0.264      0.368      0.393       0.37
  33/224       14/14    0.0438    0.0296    0.0964   0.00078     0.171      4.67     0.265      0.405      0.438      0.407
  34/224       14/14    0.0402    0.0337     0.097   0.00038     0.171         6      0.27      0.378      0.404       0.38
  35/224       14/14     0.045    0.0245    0.0977  0.000885     0.168         6     0.263      0.385      0.418      0.387
  36/224       14/14    0.0505    0.0281       0.1  0.000355     0.179         4     0.285      0.398      0.431      0.407
  37/224       14/14    0.0417    0.0254    0.0921  0.000627      0.16      4.67     0.265      0.432      0.456      0.433
  38/224       14/14    0.0447    0.0239    0.0908  0.000403      0.16      3.33     0.261      0.432       0.46      0.433
  39/224       14/14      0.04     0.026    0.0885   0.00042     0.155         6     0.244      0.432      0.464      0.433
  40/224       14/14    0.0444    0.0257     0.094   0.00138     0.166      5.33     0.259      0.432      0.471      0.433
  41/224       14/14    0.0459     0.024    0.0871  0.000639     0.158         6     0.265      0.418      0.438       0.42
  42/224       14/14    0.0438     0.034     0.088  0.000275     0.166         6     0.266      0.445      0.478      0.447
  43/224       14/14    0.0464    0.0281     0.087  0.000324     0.162         4     0.266      0.433      0.453      0.437
  44/224       14/14    0.0431     0.027    0.0867  0.000201     0.157      6.67     0.264      0.447      0.478       0.45
  45/224       14/14    0.0398    0.0254    0.0891  0.000271     0.155         4     0.295      0.463      0.493      0.467
  46/224       14/14    0.0374    0.0289    0.0871  0.000656     0.154      3.33     0.266      0.472      0.498      0.473
  47/224       14/14    0.0423    0.0307    0.0854  0.000526     0.159      4.67     0.267      0.472      0.507      0.473
  48/224       14/14    0.0411    0.0448    0.0829  0.000367     0.169      5.33     0.257      0.467      0.496       0.47
  49/224       14/14    0.0427    0.0313    0.0907  0.000605     0.165      4.67     0.273      0.472      0.502      0.473
  50/224       14/14    0.0383    0.0354    0.0872  0.000306     0.161      4.67      0.26      0.453      0.487      0.457
  51/224       14/14    0.0368    0.0273    0.0786  0.000442     0.143         6     0.246      0.485       0.52      0.487
  52/224       14/14    0.0409    0.0218    0.0862  0.000498     0.149      3.33     0.266      0.485       0.52      0.487
  53/224       14/14    0.0381    0.0224    0.0803   0.00067     0.141      4.67     0.261      0.485       0.52      0.487
  54/224       14/14    0.0353    0.0208    0.0819  0.000451     0.138      4.67     0.244      0.485       0.52      0.487
  55/224       14/14    0.0416    0.0175     0.086  0.000559     0.146      6.67     0.261      0.472      0.507      0.473
  56/224       14/14    0.0436    0.0196    0.0838   0.00039     0.147      4.67     0.256      0.467        0.5       0.47
  57/224       14/14      0.04    0.0232    0.0824   0.00098     0.147      4.67     0.279      0.472      0.507      0.473
  58/224       14/14    0.0448    0.0224    0.0886    0.0008     0.157         6     0.249      0.496       0.53        0.5
  59/224       14/14    0.0323     0.024    0.0787  0.000731     0.136         4     0.256      0.473      0.513      0.477
  60/224       14/14    0.0405    0.0209    0.0821  0.000367     0.144      7.33     0.268      0.485       0.52      0.487
  61/224       14/14    0.0395    0.0219      0.08  0.000583     0.142         4     0.266      0.467        0.5       0.47
  62/224       14/14    0.0482    0.0208    0.0828  0.000533     0.152         4     0.283      0.472      0.507      0.473
  63/224       14/14    0.0355     0.023    0.0769  0.000187     0.136         4     0.258       0.48      0.513      0.483
  64/224       14/14     0.044    0.0205    0.0816  0.000467     0.147      4.67     0.273      0.493      0.527      0.497
  65/224       14/14    0.0429    0.0228    0.0799  0.000451     0.146      4.67     0.258      0.485       0.52      0.487
  66/224       14/14    0.0391    0.0261    0.0778  0.000263     0.143         6     0.255      0.493      0.527      0.497
  67/224       14/14    0.0419    0.0236    0.0843  0.000501      0.15      4.67     0.261      0.493      0.527      0.497
  68/224       14/14    0.0402    0.0208    0.0845  0.000452     0.146         6     0.263        0.5      0.527      0.503
  69/224       14/14    0.0359    0.0197    0.0789  0.000551     0.135         4     0.266      0.513       0.54      0.517
  70/224       14/14     0.045     0.027    0.0968   0.00107      0.17         4     0.261      0.507       0.54       0.51
  71/224       14/14    0.0451    0.0226    0.0855  0.000681     0.154      4.67     0.257       0.48      0.513      0.483
  72/224       14/14    0.0369    0.0251    0.0835  0.000335     0.146         6     0.259      0.507       0.54       0.51
  73/224       14/14    0.0432    0.0231     0.085  0.000399     0.152         6     0.265      0.493      0.522      0.497
  74/224       14/14    0.0356    0.0201    0.0825  0.000383     0.139         6      0.25      0.507      0.516       0.51
  75/224       14/14    0.0345    0.0211    0.0821  0.000679     0.138      4.67     0.279        0.5       0.52      0.503
  76/224       14/14    0.0369    0.0194    0.0809  0.000233     0.137      5.33      0.29      0.513      0.533      0.517
  77/224       14/14    0.0366    0.0237    0.0754  0.000355     0.136      4.67     0.275      0.513      0.533      0.517
  78/224       14/14    0.0387    0.0199    0.0796  0.000322     0.139      6.67     0.262      0.493      0.527      0.497
   79/20       14/14    0.0344    0.0172    0.0755  0.000203     0.127         4       3.8        0.5      0.527      0.503
   80/20       14/14    0.0341    0.0172    0.0846  0.000415     0.136         4     0.273      0.516      0.537       0.52
   81/20       14/14    0.0376    0.0203    0.0835  0.000431     0.142         6     0.264      0.509      0.539      0.513
   82/20       14/14    0.0386    0.0162    0.0856  0.000767     0.141      6.67     0.256      0.527      0.553       0.53
   83/20       14/14    0.0347    0.0175    0.0802  0.000527     0.133         8     0.252      0.527      0.553       0.53
   84/20       14/14    0.0414    0.0197    0.0792  0.000424     0.141         4     0.256      0.513       0.54      0.517
   85/20       14/14    0.0378    0.0203    0.0776  0.000173     0.136         4     0.275      0.507       0.54       0.51
   86/20       14/14    0.0352    0.0167    0.0794  0.000604     0.132      4.67      0.27      0.515      0.547       0.52
   87/20       14/14    0.0325    0.0176    0.0802  0.000275     0.131         6     0.277      0.493      0.527      0.497
   88/20       14/14    0.0358    0.0173    0.0819  0.000521     0.136         6     0.268      0.493       0.52      0.497
   89/20       14/14    0.0404    0.0201    0.0846  0.000243     0.145         4      0.27      0.493       0.52      0.497
   90/20       14/14    0.0343    0.0158    0.0775  0.000457     0.128      4.67     0.259       0.52      0.533      0.523
   91/20       14/14    0.0365    0.0158    0.0792  0.000339     0.132      3.33     0.275      0.533      0.542      0.537
   92/20       14/14    0.0343    0.0166    0.0772  0.000294     0.128         6      0.25      0.522      0.543      0.527
   93/20       14/14    0.0381    0.0168    0.0825  0.000793     0.138      5.33     0.274       0.52       0.54      0.523
   94/20       14/14    0.0398    0.0156    0.0767  0.000476     0.133         6     0.271       0.52       0.54      0.523
   95/20       14/14    0.0358    0.0151    0.0776  0.000201     0.129         6     0.271      0.535       0.56       0.54
   96/20       14/14    0.0394    0.0164    0.0772  0.000258     0.133         4      0.28      0.522      0.547      0.527
   97/20       14/14    0.0376    0.0152    0.0772  0.000167      0.13      6.67      0.27      0.513       0.54      0.517
   98/20       14/14    0.0338    0.0154    0.0812  0.000224     0.131         4     0.271      0.517      0.543      0.523
   99/20       14/14    0.0328    0.0159    0.0801  0.000493     0.129      3.33     0.282      0.533      0.549      0.537
  100/49       14/14    0.0339    0.0169    0.0742  0.000186     0.125         4      3.78      0.509      0.526      0.513
  101/49       14/14    0.0336    0.0166    0.0833  0.000387     0.134         4     0.266      0.529      0.546      0.533
  102/49       14/14    0.0369    0.0188    0.0821  0.000401     0.138         6     0.254      0.533      0.549      0.537
  103/49       14/14    0.0379    0.0157    0.0845  0.000749     0.139      6.67     0.253      0.533      0.549      0.537
  104/49       14/14    0.0342     0.017     0.079   0.00049     0.131         8     0.252      0.533      0.553      0.537
  105/49       14/14    0.0406    0.0188    0.0779  0.000394     0.138         4     0.261      0.527      0.553       0.53
  106/49       14/14    0.0372    0.0192    0.0762  0.000155     0.133         4     0.264       0.52       0.54      0.523
  107/49       14/14    0.0344    0.0161    0.0782  0.000574     0.129      4.67     0.268      0.538      0.567      0.547
  108/49       14/14    0.0321    0.0171    0.0788  0.000252     0.128         6     0.267      0.515      0.547       0.52
  109/49       14/14    0.0351    0.0166    0.0806  0.000486     0.133         6     0.262      0.513      0.533      0.517
  110/49       14/14    0.0396    0.0194    0.0834  0.000224     0.143         4     0.271      0.515       0.54       0.52
  111/49       14/14    0.0338    0.0154    0.0762  0.000425     0.126      4.67     0.249      0.537      0.553      0.543
  112/49       14/14    0.0358    0.0152    0.0781  0.000317     0.129      3.33     0.264      0.538      0.556      0.547
  113/49       14/14    0.0338    0.0161     0.076  0.000268     0.126         6     0.246      0.526       0.55      0.533
  114/49       14/14    0.0374    0.0162    0.0813  0.000739     0.136      5.33     0.253      0.525      0.553      0.533
  115/49       14/14    0.0391    0.0151    0.0755  0.000447      0.13         6     0.285      0.535       0.56       0.54
  116/49       14/14    0.0352    0.0144    0.0764  0.000183     0.126         6     0.262      0.535       0.56       0.54
  117/49       14/14    0.0388     0.016    0.0761  0.000245     0.131         4     0.271      0.538      0.567      0.547
  118/49       14/14    0.0369    0.0144    0.0759  0.000151     0.127      6.67     0.266      0.525      0.553      0.533
  119/49       14/14    0.0332     0.015    0.0799  0.000206     0.128         4     0.263      0.527       0.55      0.537
  120/49       14/14    0.0322    0.0156     0.079   0.00046     0.127      3.33     0.278      0.538      0.562      0.547
  121/49       14/14     0.036    0.0181    0.0777  0.000346     0.132      4.67     0.268      0.535       0.56       0.54
  122/49       14/14    0.0359    0.0187     0.076  0.000252     0.131      5.33     0.259      0.538      0.567      0.547
  123/49       14/14    0.0376    0.0188    0.0834  0.000433      0.14      4.67     0.271      0.542      0.567      0.547
  124/49       14/14    0.0342    0.0213    0.0813  0.000212     0.137      4.67     0.276      0.537      0.556      0.543
  125/49       14/14    0.0344    0.0213    0.0736  0.000354      0.13         6      0.26      0.538      0.567      0.547
  126/49       14/14    0.0385    0.0186    0.0817  0.000373     0.139      3.33     0.277      0.538      0.556      0.547
  127/49       14/14    0.0361    0.0198    0.0763  0.000535     0.133      4.67     0.263       0.54      0.556      0.543
  128/49       14/14    0.0333    0.0184    0.0773  0.000357     0.129      4.67     0.252       0.54       0.56      0.543
  129/49       14/14    0.0388     0.016    0.0817   0.00043     0.137      6.67     0.262      0.544       0.57       0.55
  130/49       14/14    0.0413    0.0173    0.0796  0.000313     0.139      4.67     0.262      0.542      0.573      0.547
  131/49       14/14    0.0377     0.021    0.0778  0.000835     0.137      4.67     0.285      0.538      0.567      0.547
  132/49       14/14    0.0423    0.0211    0.0845  0.000617     0.148         6     0.251      0.546      0.563       0.55
  133/49       14/14    0.0309     0.022    0.0744  0.000597     0.128         4     0.267       0.54      0.549      0.543
  134/49       14/14    0.0383    0.0186    0.0776  0.000259     0.135      7.33     0.262       0.54       0.56      0.543
  135/49       14/14    0.0374    0.0201    0.0754  0.000475     0.133         4     0.273      0.538       0.56      0.547
  136/49       14/14    0.0446    0.0194    0.0787  0.000455     0.143         4     0.263      0.538      0.567      0.547
  137/49       14/14    0.0335    0.0204    0.0729  0.000123     0.127         4     0.271      0.542      0.567      0.547
  138/49       14/14    0.0413    0.0188    0.0769   0.00035     0.137      4.67     0.267      0.542      0.567      0.547
  139/49       14/14    0.0403    0.0207    0.0756  0.000356     0.137      4.67     0.264       0.54      0.567      0.543
  140/49       14/14     0.037     0.024    0.0734  0.000203     0.135         6     0.253      0.542      0.556      0.547
  141/49       14/14     0.039    0.0214    0.0794  0.000393      0.14      4.67     0.265      0.542      0.573      0.547
  142/49       14/14    0.0383     0.019    0.0801  0.000358     0.138         6     0.267      0.542      0.573      0.547
  143/49       14/14    0.0337    0.0176    0.0749  0.000411     0.127         4     0.268      0.542      0.556      0.547
  144/49       14/14    0.0424    0.0249    0.0926  0.000863     0.161         4     0.252      0.542       0.56      0.547
  145/49       14/14    0.0426    0.0206    0.0813  0.000543     0.145      4.67     0.264      0.542       0.56      0.547
  146/49       14/14    0.0348     0.023    0.0793  0.000262     0.137         6      0.27      0.542      0.573      0.547
  147/49       14/14    0.0404    0.0212    0.0799   0.00031     0.142         6     0.273      0.544      0.566       0.55
  148/49       14/14    0.0335    0.0188    0.0788    0.0003     0.131         6     0.259      0.544      0.559       0.55
  149/49       14/14    0.0322    0.0195    0.0782  0.000497      0.13      4.67     0.267      0.544      0.563       0.55
